5    23.49    3.3    75997
5    27.99    0.7    75977
5    21.49    4.2    75975
5    8.49    0.4    75952
5    11.49    4.6    75942
5    9.49    9.7    75940
5    25.49    8    75928
5    24.49    2    75919
5    9.49    4    75913
5    16.99    6.9    75890
5    24.99    9.7    75882
5    25.49    9.2    75875
5    6.49    4.1    75874
5    27.99    0.9    75870
5    24.99    0.3    75868
5    20.99    4.1    75864
5    20.49    3.4    75849
5    12.99    5.3    75836
5    16.49    4.8    75823
5    14.99    0.3    75821
